0: 46 63 120 80
1: 40 40 46 63
2: 40 40 63 46
3: 63 46 80 120
4: 120 80 193 63
5: 193 63 200 40
6: 176 46 200 40
7: 160 120 176 46
8: 46 176 120 160
9: 40 200 46 176
10: 40 200 63 193
11: 63 193 80 120
12: 120 160 193 176
13: 193 176 200 200
14: 176 193 200 200
15: 160 120 176 193
16: -5 94 32 80
17: -10 108 -5 94
18: -10 108 0 127
19: 0 127 8 160
20: 2 94 40 80
21: -2 108 2 94
22: -2 108 8 127
23: 8 127 16 160
24: 10 94 48 80
25: 6 108 10 94
26: 6 108 16 127
27: 16 127 24 160
28: 236 296 240 340
29: 230 290 236 296
30: 223 283 230 290
31: 220 240 223 283
32: 220 240 263 236
33: 263 236 270 230
34: 270 230 276 223
35: 276 223 320 220
36: 320 220 323 263
37: 323 263 330 270
38: 330 270 336 276
39: 336 276 340 320
40: 296 323 340 320
41: 290 330 296 323
42: 283 336 290 330
43: 240 340 283 336
44: 80 320 81 342
45: 81 342 120 350
46: 120 350 158 342
47: 158 342 160 320
48: 280 80 325 102
49: 325 102 340 140
50: 325 147 340 140
51: 280 80 325 147
52: 280 80 325 100
53: 325 100 340 134
54: 325 140 340 134
55: 280 80 325 140
56: 280 80 325 98
57: 325 98 340 128
58: 325 134 340 128
59: 280 80 325 134
60: 280 80 325 95
61: 325 95 340 122
62: 325 127 340 122
63: 280 80 325 127
64: 280 80 325 93
65: 325 93 340 116
66: 325 120 340 116
67: 280 80 325 120
68: 280 80 325 57
69: 325 57 340 20
70: 325 12 340 20
71: 280 80 325 12
72: 280 80 325 59
73: 325 59 340 26
74: 325 19 340 26
75: 280 80 325 19
76: 280 80 325 62
77: 325 62 340 32
78: 325 26 340 32
79: 280 80 325 26
80: 280 80 325 64
81: 325 64 340 38
82: 325 32 340 38
83: 280 80 325 32
84: 280 80 325 66
85: 325 66 340 44
86: 325 39 340 44
87: 280 80 325 39
88: 235 102 280 80
89: 220 140 235 102
90: 220 140 235 147
91: 235 147 280 80
92: 235 100 280 80
93: 220 134 235 100
94: 220 134 235 140
95: 235 140 280 80
96: 235 98 280 80
97: 220 128 235 98
98: 220 128 235 134
99: 235 134 280 80
100: 235 95 280 80
101: 220 122 235 95
102: 220 122 235 127
103: 235 127 280 80
104: 235 93 280 80
105: 220 116 235 93
106: 220 116 235 120
107: 235 120 280 80
108: 235 57 280 80
109: 220 20 235 57
110: 220 20 235 12
111: 235 12 280 80
112: 235 59 280 80
113: 220 26 235 59
114: 220 26 235 19
115: 235 19 280 80
116: 235 62 280 80
117: 220 32 235 62
118: 220 32 235 26
119: 235 26 280 80
120: 235 64 280 80
121: 220 38 235 64
122: 220 38 235 32
123: 235 32 280 80
124: 235 66 280 80
125: 220 44 235 66
126: 220 44 235 39
127: 235 39 280 80
