0: 20 169 66 170
1: -16 167 20 169
2: -46 164 -16 167
3: -70 161 -46 164
4: -86 157 -70 161
5: -98 153 -86 157
6: -104 149 -98 153
7: -106 146 -104 149
8: -106 146 -104 142
9: -104 142 -99 140
10: -99 140 -92 138
11: -92 138 -83 137
12: -83 137 -72 138
13: -72 138 -61 140
14: -61 140 -50 144
15: -50 144 -39 150
16: -39 150 -30 159
17: -30 159 -23 170
18: -23 170 -18 183
19: -18 183 -16 200
20: 66 170 112 169
21: 112 169 150 167
22: 150 167 180 164
23: 180 164 203 161
24: 203 161 220 157
25: 220 157 231 153
26: 231 153 238 149
27: 238 149 240 146
28: 238 142 240 146
29: 233 140 238 142
30: 225 138 233 140
31: 216 137 225 138
32: 206 138 216 137
33: 194 140 206 138
34: 183 144 194 140
35: 173 150 183 144
36: 164 159 173 150
37: 156 170 164 159
38: 151 183 156 170
39: 150 200 151 183
40: 20 230 66 230
41: -16 232 20 230
42: -46 235 -16 232
43: -70 238 -46 235
44: -86 242 -70 238
45: -98 246 -86 242
46: -104 250 -98 246
47: -106 254 -104 250
48: -106 254 -104 257
49: -104 257 -99 259
50: -99 259 -92 261
51: -92 261 -83 262
52: -83 262 -72 261
53: -72 261 -61 259
54: -61 259 -50 255
55: -50 255 -39 249
56: -39 249 -30 240
57: -30 240 -23 229
58: -23 229 -18 216
59: -18 216 -16 199
60: 66 230 112 230
61: 112 230 150 232
62: 150 232 180 235
63: 180 235 203 238
64: 203 238 220 242
65: 220 242 231 246
66: 231 246 238 250
67: 238 250 240 254
68: 238 257 240 254
69: 233 259 238 257
70: 225 261 233 259
71: 216 262 225 261
72: 206 261 216 262
73: 194 259 206 261
74: 183 255 194 259
75: 173 249 183 255
76: 164 240 173 249
77: 156 229 164 240
78: 151 216 156 229
79: 150 199 151 216
80: 316 365 316 354
81: 315 346 316 354
82: 314 340 315 346
83: 312 335 314 340
84: 310 332 312 335
85: 307 329 310 332
86: 304 328 307 329
87: 302 327 304 328
88: 298 327 302 327
89: 295 327 298 327
90: 292 327 295 327
91: 289 327 292 327
92: 286 326 289 327
93: 284 325 286 326
94: 281 322 284 325
95: 279 319 281 322
96: 277 314 279 319
97: 276 308 277 314
98: 275 300 276 308
99: 275 300 275 289
100: 275 290 303 289
101: 303 289 325 289
102: 325 289 343 289
103: 343 289 356 288
104: 356 288 366 287
105: 366 287 372 286
106: 372 286 376 285
107: 376 285 378 284
108: 378 284 379 283
109: 379 283 379 282
110: 379 282 379 281
111: 379 281 380 280
112: 380 280 381 279
113: 381 279 385 278
114: 385 278 392 277
115: 392 277 401 276
116: 401 276 414 275
117: 414 275 432 275
118: 432 275 455 275
119: 455 275 483 275
120: 483 275 483 285
121: 483 285 484 293
122: 484 293 485 299
123: 485 299 487 304
124: 487 304 489 307
125: 489 307 492 310
126: 492 310 495 311
127: 495 311 498 312
128: 498 312 501 312
129: 501 312 504 312
130: 504 312 507 312
131: 507 312 510 312
132: 510 312 513 313
133: 513 313 516 314
134: 516 314 518 317
135: 518 317 520 320
136: 520 320 522 325
137: 522 325 523 331
138: 523 331 524 339
139: 524 339 525 350
140: 496 350 525 350
141: 474 350 496 350
142: 456 350 474 350
143: 443 351 456 350
144: 433 352 443 351
145: 427 353 433 352
146: 423 354 427 353
147: 421 355 423 354
148: 420 356 421 355
149: 420 356 420 357
150: 420 357 420 358
151: 420 358 420 359
152: 418 360 420 359
153: 414 361 418 360
154: 407 362 414 361
155: 398 363 407 362
156: 385 364 398 363
157: 367 364 385 364
158: 344 364 367 364
159: 316 365 344 364
160: -26 354 -16 350
161: -30 358 -26 354
162: -30 358 -28 361
163: -28 361 -23 364
164: -23 364 -14 366
165: -14 366 -1 368
166: -1 368 13 370
167: 13 370 29 371
168: 29 371 48 372
169: 48 372 66 372
170: 66 372 85 372
171: 85 372 103 371
172: 103 371 120 370
173: 120 370 135 368
174: 135 368 147 366
175: 147 366 156 364
176: 156 364 162 361
177: 162 361 163 358
178: 159 354 163 358
179: 149 350 159 354
180: -139 172 -116 170
181: -158 174 -139 172
182: -173 177 -158 174
183: -185 179 -173 177
184: -194 181 -185 179
185: -200 182 -194 181
186: -204 184 -200 182
187: -206 186 -204 184
188: -206 186 -205 188
189: -205 188 -204 190
190: -204 190 -201 193
191: -201 193 -197 195
192: -197 195 -192 198
193: -192 198 -187 201
194: -187 201 -182 205
195: -182 205 -177 209
196: -177 209 -173 213
197: -173 213 -169 218
198: -169 218 -167 224
199: -167 224 -166 230
200: -122 172 -100 170
201: -141 174 -122 172
202: -157 177 -141 174
203: -169 179 -157 177
204: -178 181 -169 179
205: -184 182 -178 181
206: -188 184 -184 182
207: -189 186 -188 184
208: -189 186 -189 188
209: -189 188 -187 190
210: -187 190 -184 193
211: -184 193 -180 195
212: -180 195 -175 198
213: -175 198 -170 201
214: -170 201 -165 205
215: -165 205 -160 209
216: -160 209 -156 213
217: -156 213 -153 218
218: -153 218 -150 224
219: -150 224 -150 230
220: -106 172 -83 170
221: -125 174 -106 172
222: -140 177 -125 174
223: -152 179 -140 177
224: -161 181 -152 179
225: -167 182 -161 181
226: -171 184 -167 182
227: -172 186 -171 184
228: -172 186 -172 188
229: -172 188 -170 190
230: -170 190 -167 193
231: -167 193 -163 195
232: -163 195 -159 198
233: -159 198 -154 201
234: -154 201 -148 205
235: -148 205 -144 209
236: -144 209 -139 213
237: -139 213 -136 218
238: -136 218 -134 224
239: -134 224 -133 230
240: 400 170 423 170
241: 423 170 445 173
242: 445 173 463 176
243: 463 176 480 181
244: 480 181 493 186
245: 493 186 504 192
246: 504 192 513 198
247: 513 198 520 204
248: 520 204 523 210
249: 523 210 525 214
250: 523 219 525 214
251: 520 221 523 219
252: 513 223 520 221
253: 505 222 513 223
254: 493 220 505 222
255: 480 216 493 220
256: 463 209 480 216
257: 444 199 463 209
258: 423 186 444 199
259: 399 169 423 186
260: 400 170 423 170
261: 423 170 445 172
262: 445 172 463 176
263: 463 176 480 180
264: 480 180 493 185
265: 493 185 504 190
266: 504 190 513 195
267: 513 195 520 201
268: 520 201 523 206
269: 523 206 525 210
270: 523 214 525 210
271: 520 216 523 214
272: 513 217 520 216
273: 505 217 513 217
274: 493 215 505 217
275: 480 211 493 215
276: 463 205 480 211
277: 444 196 463 205
278: 423 184 444 196
279: 399 169 423 184
280: 400 170 423 170
281: 423 170 445 172
282: 445 172 463 175
283: 463 175 480 179
284: 480 179 493 183
285: 493 183 504 188
286: 504 188 513 192
287: 513 192 520 197
288: 520 197 523 202
289: 523 202 525 205
290: 523 209 525 205
291: 520 211 523 209
292: 513 212 520 211
293: 505 212 513 212
294: 493 210 505 212
295: 480 206 493 210
296: 463 201 480 206
297: 444 193 463 201
298: 423 182 444 193
299: 399 169 423 182
300: 400 170 423 170
301: 423 170 445 172
302: 445 172 463 174
303: 463 174 480 178
304: 480 178 493 181
305: 493 181 504 185
306: 504 185 513 190
307: 513 190 520 194
308: 520 194 523 198
309: 523 198 525 201
310: 523 204 525 201
311: 520 206 523 204
312: 513 207 520 206
313: 505 207 513 207
314: 493 205 505 207
315: 480 202 493 205
316: 463 197 480 202
317: 444 190 463 197
318: 423 181 444 190
319: 399 169 423 181
320: 400 170 423 170
321: 423 170 445 171
322: 445 171 463 174
323: 463 174 480 176
324: 480 176 493 180
325: 493 180 504 183
326: 504 183 513 187
327: 513 187 520 190
328: 520 190 523 194
329: 523 194 525 196
330: 523 199 525 196
331: 520 201 523 199
332: 513 201 520 201
333: 505 201 513 201
334: 493 200 505 201
335: 480 197 493 200
336: 463 193 480 197
337: 444 187 463 193
338: 423 179 444 187
339: 399 169 423 179
340: 400 170 423 169
341: 423 169 445 166
342: 445 166 463 163
343: 463 163 480 158
344: 480 158 493 153
345: 493 153 504 147
346: 504 147 513 141
347: 513 141 520 135
348: 520 135 523 129
349: 523 129 525 125
350: 523 120 525 125
351: 520 118 523 120
352: 513 116 520 118
353: 505 117 513 116
354: 493 119 505 117
355: 480 123 493 119
356: 463 130 480 123
357: 444 140 463 130
358: 423 153 444 140
359: 399 170 423 153
360: 400 170 423 169
361: 423 169 445 167
362: 445 167 463 163
363: 463 163 480 159
364: 480 159 493 154
365: 493 154 504 149
366: 504 149 513 144
367: 513 144 520 138
368: 520 138 523 133
369: 523 133 525 129
370: 523 125 525 129
371: 520 123 523 125
372: 513 122 520 123
373: 505 122 513 122
374: 493 124 505 122
375: 480 128 493 124
376: 463 134 480 128
377: 444 143 463 134
378: 423 155 444 143
379: 399 170 423 155
380: 400 170 423 169
381: 423 169 445 167
382: 445 167 463 164
383: 463 164 480 160
384: 480 160 493 156
385: 493 156 504 151
386: 504 151 513 147
387: 513 147 520 142
388: 520 142 523 137
389: 523 137 525 134
390: 523 130 525 134
391: 520 128 523 130
392: 513 127 520 128
393: 505 127 513 127
394: 493 129 505 127
395: 480 133 493 129
396: 463 138 480 133
397: 444 146 463 138
398: 423 157 444 146
399: 399 170 423 157
400: 400 170 423 169
401: 423 169 445 167
402: 445 167 463 165
403: 463 165 480 161
404: 480 161 493 158
405: 493 158 504 154
406: 504 154 513 149
407: 513 149 520 145
408: 520 145 523 141
409: 523 141 525 138
410: 523 135 525 138
411: 520 133 523 135
412: 513 132 520 133
413: 505 132 513 132
414: 493 134 505 132
415: 480 137 493 134
416: 463 142 480 137
417: 444 149 463 142
418: 423 158 444 149
419: 399 170 423 158
420: 400 170 423 169
421: 423 169 445 168
422: 445 168 463 165
423: 463 165 480 163
424: 480 163 493 159
425: 493 159 504 156
426: 504 156 513 152
427: 513 152 520 149
428: 520 149 523 145
429: 523 145 525 142
430: 523 140 525 142
431: 520 138 523 140
432: 513 138 520 138
433: 505 138 513 138
434: 493 139 505 138
435: 480 142 493 139
436: 463 146 480 142
437: 444 152 463 146
438: 423 160 444 152
439: 399 170 423 160
440: 376 170 400 170
441: 355 173 376 170
442: 336 176 355 173
443: 320 181 336 176
444: 306 186 320 181
445: 294 192 306 186
446: 286 198 294 192
447: 280 204 286 198
448: 276 210 280 204
449: 274 214 276 210
450: 274 214 276 219
451: 276 219 280 221
452: 280 221 286 223
453: 286 223 295 222
454: 295 222 306 220
455: 306 220 320 216
456: 320 216 336 209
457: 336 209 355 199
458: 355 199 376 186
459: 376 186 400 169
460: 376 170 400 170
461: 355 172 376 170
462: 336 176 355 172
463: 320 180 336 176
464: 306 185 320 180
465: 294 190 306 185
466: 286 195 294 190
467: 280 201 286 195
468: 276 206 280 201
469: 274 210 276 206
470: 274 210 276 214
471: 276 214 280 216
472: 280 216 286 217
473: 286 217 295 217
474: 295 217 306 215
475: 306 215 320 211
476: 320 211 336 205
477: 336 205 355 196
478: 355 196 376 184
479: 376 184 400 169
480: 376 170 400 170
481: 355 172 376 170
482: 336 175 355 172
483: 320 179 336 175
484: 306 183 320 179
485: 294 188 306 183
486: 286 192 294 188
487: 280 197 286 192
488: 276 202 280 197
489: 274 205 276 202
490: 274 205 276 209
491: 276 209 280 211
492: 280 211 286 212
493: 286 212 295 212
494: 295 212 306 210
495: 306 210 320 206
496: 320 206 336 201
497: 336 201 355 193
498: 355 193 376 182
499: 376 182 400 169
500: 376 170 400 170
501: 355 172 376 170
502: 336 174 355 172
503: 320 178 336 174
504: 306 181 320 178
505: 294 185 306 181
506: 286 190 294 185
507: 280 194 286 190
508: 276 198 280 194
509: 274 201 276 198
510: 274 201 276 204
511: 276 204 280 206
512: 280 206 286 207
513: 286 207 295 207
514: 295 207 306 205
515: 306 205 320 202
516: 320 202 336 197
517: 336 197 355 190
518: 355 190 376 181
519: 376 181 400 169
520: 376 170 400 170
521: 355 171 376 170
522: 336 174 355 171
523: 320 176 336 174
524: 306 180 320 176
525: 294 183 306 180
526: 286 187 294 183
527: 280 190 286 187
528: 276 194 280 190
529: 274 196 276 194
530: 274 196 276 199
531: 276 199 280 201
532: 280 201 286 201
533: 286 201 295 201
534: 295 201 306 200
535: 306 200 320 197
536: 320 197 336 193
537: 336 193 355 187
538: 355 187 376 179
539: 376 179 400 169
540: 376 169 400 170
541: 355 166 376 169
542: 336 163 355 166
543: 320 158 336 163
544: 306 153 320 158
545: 294 147 306 153
546: 286 141 294 147
547: 280 135 286 141
548: 276 129 280 135
549: 274 125 276 129
550: 274 125 276 120
551: 276 120 280 118
552: 280 118 286 116
553: 286 116 295 117
554: 295 117 306 119
555: 306 119 320 123
556: 320 123 336 130
557: 336 130 355 140
558: 355 140 376 153
559: 376 153 400 170
560: 376 169 400 170
561: 355 167 376 169
562: 336 163 355 167
563: 320 159 336 163
564: 306 154 320 159
565: 294 149 306 154
566: 286 144 294 149
567: 280 138 286 144
568: 276 133 280 138
569: 274 129 276 133
570: 274 129 276 125
571: 276 125 280 123
572: 280 123 286 122
573: 286 122 295 122
574: 295 122 306 124
575: 306 124 320 128
576: 320 128 336 134
577: 336 134 355 143
578: 355 143 376 155
579: 376 155 400 170
580: 376 169 400 170
581: 355 167 376 169
582: 336 164 355 167
583: 320 160 336 164
584: 306 156 320 160
585: 294 151 306 156
586: 286 147 294 151
587: 280 142 286 147
588: 276 137 280 142
589: 274 134 276 137
590: 274 134 276 130
591: 276 130 280 128
592: 280 128 286 127
593: 286 127 295 127
594: 295 127 306 129
595: 306 129 320 133
596: 320 133 336 138
597: 336 138 355 146
598: 355 146 376 157
599: 376 157 400 170
600: 376 169 400 170
601: 355 167 376 169
602: 336 165 355 167
603: 320 161 336 165
604: 306 158 320 161
605: 294 154 306 158
606: 286 149 294 154
607: 280 145 286 149
608: 276 141 280 145
609: 274 138 276 141
610: 274 138 276 135
611: 276 135 280 133
612: 280 133 286 132
613: 286 132 295 132
614: 295 132 306 134
615: 306 134 320 137
616: 320 137 336 142
617: 336 142 355 149
618: 355 149 376 158
619: 376 158 400 170
620: 376 169 400 170
621: 355 168 376 169
622: 336 165 355 168
623: 320 163 336 165
624: 306 159 320 163
625: 294 156 306 159
626: 286 152 294 156
627: 280 149 286 152
628: 276 145 280 149
629: 274 142 276 145
630: 274 142 276 140
631: 276 140 280 138
632: 280 138 286 138
633: 286 138 295 138
634: 295 138 306 139
635: 306 139 320 142
636: 320 142 336 146
637: 336 146 355 152
638: 355 152 376 160
639: 376 160 400 170
