0: 66 170 20 169
1: 20 169 -16 167
2: -16 167 -46 164
3: -46 164 -70 161
4: -70 161 -86 157
5: -86 157 -98 153
6: -98 153 -104 149
7: -104 149 -106 146
8: -106 146 -104 142
9: -104 142 -99 140
10: -99 140 -92 138
11: -92 138 -83 137
12: -83 137 -72 138
13: -72 138 -61 140
14: -61 140 -50 144
15: -50 144 -39 150
16: -39 150 -30 159
17: -30 159 -23 170
18: -23 170 -18 183
19: -18 183 -16 200
20: 66 170 112 169
21: 112 169 150 167
22: 150 167 180 164
23: 180 164 203 161
24: 203 161 220 157
25: 220 157 231 153
26: 231 153 238 149
27: 238 149 240 146
28: 240 146 238 142
29: 238 142 233 140
30: 233 140 225 138
31: 225 138 216 137
32: 216 137 206 138
33: 206 138 194 140
34: 194 140 183 144
35: 183 144 173 150
36: 173 150 164 159
37: 164 159 156 170
38: 156 170 151 183
39: 151 183 150 200
40: 66 230 20 230
41: 20 230 -16 232
42: -16 232 -46 235
43: -46 235 -70 238
44: -70 238 -86 242
45: -86 242 -98 246
46: -98 246 -104 250
47: -104 250 -106 254
48: -106 254 -104 257
49: -104 257 -99 259
50: -99 259 -92 261
51: -92 261 -83 262
52: -83 262 -72 261
53: -72 261 -61 259
54: -61 259 -50 255
55: -50 255 -39 249
56: -39 249 -30 240
57: -30 240 -23 229
58: -23 229 -18 216
59: -18 216 -16 199
60: 66 230 112 230
61: 112 230 150 232
62: 150 232 180 235
63: 180 235 203 238
64: 203 238 220 242
65: 220 242 231 246
66: 231 246 238 250
67: 238 250 240 254
68: 240 254 238 257
69: 238 257 233 259
70: 233 259 225 261
71: 225 261 216 262
72: 216 262 206 261
73: 206 261 194 259
74: 194 259 183 255
75: 183 255 173 249
76: 173 249 164 240
77: 164 240 156 229
78: 156 229 151 216
79: 151 216 150 199
80: 316 365 316 354
81: 316 354 315 346
82: 315 346 314 340
83: 314 340 312 335
84: 312 335 310 332
85: 310 332 307 329
86: 307 329 304 328
87: 304 328 302 327
88: 302 327 298 327
89: 298 327 295 327
90: 295 327 292 327
91: 292 327 289 327
92: 289 327 286 326
93: 286 326 284 325
94: 284 325 281 322
95: 281 322 279 319
96: 279 319 277 314
97: 277 314 276 308
98: 276 308 275 300
99: 275 300 275 289
100: 275 290 303 289
101: 303 289 325 289
102: 325 289 343 289
103: 343 289 356 288
104: 356 288 366 287
105: 366 287 372 286
106: 372 286 376 285
107: 376 285 378 284
108: 378 284 379 283
109: 379 283 379 282
110: 379 282 379 281
111: 379 281 380 280
112: 380 280 381 279
113: 381 279 385 278
114: 385 278 392 277
115: 392 277 401 276
116: 401 276 414 275
117: 414 275 432 275
118: 432 275 455 275
119: 455 275 483 275
120: 483 275 483 285
121: 483 285 484 293
122: 484 293 485 299
123: 485 299 487 304
124: 487 304 489 307
125: 489 307 492 310
126: 492 310 495 311
127: 495 311 498 312
128: 498 312 501 312
129: 501 312 504 312
130: 504 312 507 312
131: 507 312 510 312
132: 510 312 513 313
133: 513 313 516 314
134: 516 314 518 317
135: 518 317 520 320
136: 520 320 522 325
137: 522 325 523 331
138: 523 331 524 339
139: 524 339 525 350
140: 525 350 496 350
141: 496 350 474 350
142: 474 350 456 350
143: 456 350 443 351
144: 443 351 433 352
145: 433 352 427 353
146: 427 353 423 354
147: 423 354 421 355
148: 421 355 420 356
149: 420 356 420 357
150: 420 357 420 358
151: 420 358 420 359
152: 420 359 418 360
153: 418 360 414 361
154: 414 361 407 362
155: 407 362 398 363
156: 398 363 385 364
157: 385 364 367 364
158: 367 364 344 364
159: 344 364 316 365
160: -16 350 -26 354
161: -26 354 -30 358
162: -30 358 -28 361
163: -28 361 -23 364
164: -23 364 -14 366
165: -14 366 -1 368
166: -1 368 13 370
167: 13 370 29 371
168: 29 371 48 372
169: 48 372 66 372
170: 66 372 85 372
171: 85 372 103 371
172: 103 371 120 370
173: 120 370 135 368
174: 135 368 147 366
175: 147 366 156 364
176: 156 364 162 361
177: 162 361 163 358
178: 163 358 159 354
179: 159 354 149 350
180: -116 170 -139 172
181: -139 172 -158 174
182: -158 174 -173 177
183: -173 177 -185 179
184: -185 179 -194 181
185: -194 181 -200 182
186: -200 182 -204 184
187: -204 184 -206 186
188: -206 186 -205 188
189: -205 188 -204 190
190: -204 190 -201 193
191: -201 193 -197 195
192: -197 195 -192 198
193: -192 198 -187 201
194: -187 201 -182 205
195: -182 205 -177 209
196: -177 209 -173 213
197: -173 213 -169 218
198: -169 218 -167 224
199: -167 224 -166 230
200: -100 170 -122 172
201: -122 172 -141 174
202: -141 174 -157 177
203: -157 177 -169 179
204: -169 179 -178 181
205: -178 181 -184 182
206: -184 182 -188 184
207: -188 184 -189 186
208: -189 186 -189 188
209: -189 188 -187 190
210: -187 190 -184 193
211: -184 193 -180 195
212: -180 195 -175 198
213: -175 198 -170 201
214: -170 201 -165 205
215: -165 205 -160 209
216: -160 209 -156 213
217: -156 213 -153 218
218: -153 218 -150 224
219: -150 224 -150 230
220: -83 170 -106 172
221: -106 172 -125 174
222: -125 174 -140 177
223: -140 177 -152 179
224: -152 179 -161 181
225: -161 181 -167 182
226: -167 182 -171 184
227: -171 184 -172 186
228: -172 186 -172 188
229: -172 188 -170 190
230: -170 190 -167 193
231: -167 193 -163 195
232: -163 195 -159 198
233: -159 198 -154 201
234: -154 201 -148 205
235: -148 205 -144 209
236: -144 209 -139 213
237: -139 213 -136 218
238: -136 218 -134 224
239: -134 224 -133 230
240: 400 170 423 170
241: 423 170 445 173
242: 445 173 463 176
243: 463 176 480 181
244: 480 181 493 186
245: 493 186 504 192
246: 504 192 513 198
247: 513 198 520 204
248: 520 204 523 210
249: 523 210 525 214
250: 525 214 523 219
251: 523 219 520 221
252: 520 221 513 223
253: 513 223 505 222
254: 505 222 493 220
255: 493 220 480 216
256: 480 216 463 209
257: 463 209 444 199
258: 444 199 423 186
259: 423 186 399 169
260: 400 170 423 170
261: 423 170 445 172
262: 445 172 463 176
263: 463 176 480 180
264: 480 180 493 185
265: 493 185 504 190
266: 504 190 513 195
267: 513 195 520 201
268: 520 201 523 206
269: 523 206 525 210
270: 525 210 523 214
271: 523 214 520 216
272: 520 216 513 217
273: 513 217 505 217
274: 505 217 493 215
275: 493 215 480 211
276: 480 211 463 205
277: 463 205 444 196
278: 444 196 423 184
279: 423 184 399 169
280: 400 170 423 170
281: 423 170 445 172
282: 445 172 463 175
283: 463 175 480 179
284: 480 179 493 183
285: 493 183 504 188
286: 504 188 513 192
287: 513 192 520 197
288: 520 197 523 202
289: 523 202 525 205
290: 525 205 523 209
291: 523 209 520 211
292: 520 211 513 212
293: 513 212 505 212
294: 505 212 493 210
295: 493 210 480 206
296: 480 206 463 201
297: 463 201 444 193
298: 444 193 423 182
299: 423 182 399 169
300: 400 170 423 170
301: 423 170 445 172
302: 445 172 463 174
303: 463 174 480 178
304: 480 178 493 181
305: 493 181 504 185
306: 504 185 513 190
307: 513 190 520 194
308: 520 194 523 198
309: 523 198 525 201
310: 525 201 523 204
311: 523 204 520 206
312: 520 206 513 207
313: 513 207 505 207
314: 505 207 493 205
315: 493 205 480 202
316: 480 202 463 197
317: 463 197 444 190
318: 444 190 423 181
319: 423 181 399 169
320: 400 170 423 170
321: 423 170 445 171
322: 445 171 463 174
323: 463 174 480 176
324: 480 176 493 180
325: 493 180 504 183
326: 504 183 513 187
327: 513 187 520 190
328: 520 190 523 194
329: 523 194 525 196
330: 525 196 523 199
331: 523 199 520 201
332: 520 201 513 201
333: 513 201 505 201
334: 505 201 493 200
335: 493 200 480 197
336: 480 197 463 193
337: 463 193 444 187
338: 444 187 423 179
339: 423 179 399 169
340: 400 170 423 169
341: 423 169 445 166
342: 445 166 463 163
343: 463 163 480 158
344: 480 158 493 153
345: 493 153 504 147
346: 504 147 513 141
347: 513 141 520 135
348: 520 135 523 129
349: 523 129 525 125
350: 525 125 523 120
351: 523 120 520 118
352: 520 118 513 116
353: 513 116 505 117
354: 505 117 493 119
355: 493 119 480 123
356: 480 123 463 130
357: 463 130 444 140
358: 444 140 423 153
359: 423 153 399 170
360: 400 170 423 169
361: 423 169 445 167
362: 445 167 463 163
363: 463 163 480 159
364: 480 159 493 154
365: 493 154 504 149
366: 504 149 513 144
367: 513 144 520 138
368: 520 138 523 133
369: 523 133 525 129
370: 525 129 523 125
371: 523 125 520 123
372: 520 123 513 122
373: 513 122 505 122
374: 505 122 493 124
375: 493 124 480 128
376: 480 128 463 134
377: 463 134 444 143
378: 444 143 423 155
379: 423 155 399 170
380: 400 170 423 169
381: 423 169 445 167
382: 445 167 463 164
383: 463 164 480 160
384: 480 160 493 156
385: 493 156 504 151
386: 504 151 513 147
387: 513 147 520 142
388: 520 142 523 137
389: 523 137 525 134
390: 525 134 523 130
391: 523 130 520 128
392: 520 128 513 127
393: 513 127 505 127
394: 505 127 493 129
395: 493 129 480 133
396: 480 133 463 138
397: 463 138 444 146
398: 444 146 423 157
399: 423 157 399 170
400: 400 170 423 169
401: 423 169 445 167
402: 445 167 463 165
403: 463 165 480 161
404: 480 161 493 158
405: 493 158 504 154
406: 504 154 513 149
407: 513 149 520 145
408: 520 145 523 141
409: 523 141 525 138
410: 525 138 523 135
411: 523 135 520 133
412: 520 133 513 132
413: 513 132 505 132
414: 505 132 493 134
415: 493 134 480 137
416: 480 137 463 142
417: 463 142 444 149
418: 444 149 423 158
419: 423 158 399 170
420: 400 170 423 169
421: 423 169 445 168
422: 445 168 463 165
423: 463 165 480 163
424: 480 163 493 159
425: 493 159 504 156
426: 504 156 513 152
427: 513 152 520 149
428: 520 149 523 145
429: 523 145 525 142
430: 525 142 523 140
431: 523 140 520 138
432: 520 138 513 138
433: 513 138 505 138
434: 505 138 493 139
435: 493 139 480 142
436: 480 142 463 146
437: 463 146 444 152
438: 444 152 423 160
439: 423 160 399 170
440: 400 170 376 170
441: 376 170 355 173
442: 355 173 336 176
443: 336 176 320 181
444: 320 181 306 186
445: 306 186 294 192
446: 294 192 286 198
447: 286 198 280 204
448: 280 204 276 210
449: 276 210 274 214
450: 274 214 276 219
451: 276 219 280 221
452: 280 221 286 223
453: 286 223 295 222
454: 295 222 306 220
455: 306 220 320 216
456: 320 216 336 209
457: 336 209 355 199
458: 355 199 376 186
459: 376 186 400 169
460: 400 170 376 170
461: 376 170 355 172
462: 355 172 336 176
463: 336 176 320 180
464: 320 180 306 185
465: 306 185 294 190
466: 294 190 286 195
467: 286 195 280 201
468: 280 201 276 206
469: 276 206 274 210
470: 274 210 276 214
471: 276 214 280 216
472: 280 216 286 217
473: 286 217 295 217
474: 295 217 306 215
475: 306 215 320 211
476: 320 211 336 205
477: 336 205 355 196
478: 355 196 376 184
479: 376 184 400 169
480: 400 170 376 170
481: 376 170 355 172
482: 355 172 336 175
483: 336 175 320 179
484: 320 179 306 183
485: 306 183 294 188
486: 294 188 286 192
487: 286 192 280 197
488: 280 197 276 202
489: 276 202 274 205
490: 274 205 276 209
491: 276 209 280 211
492: 280 211 286 212
493: 286 212 295 212
494: 295 212 306 210
495: 306 210 320 206
496: 320 206 336 201
497: 336 201 355 193
498: 355 193 376 182
499: 376 182 400 169
500: 400 170 376 170
501: 376 170 355 172
502: 355 172 336 174
503: 336 174 320 178
504: 320 178 306 181
505: 306 181 294 185
506: 294 185 286 190
507: 286 190 280 194
508: 280 194 276 198
509: 276 198 274 201
510: 274 201 276 204
511: 276 204 280 206
512: 280 206 286 207
513: 286 207 295 207
514: 295 207 306 205
515: 306 205 320 202
516: 320 202 336 197
517: 336 197 355 190
518: 355 190 376 181
519: 376 181 400 169
520: 400 170 376 170
521: 376 170 355 171
522: 355 171 336 174
523: 336 174 320 176
524: 320 176 306 180
525: 306 180 294 183
526: 294 183 286 187
527: 286 187 280 190
528: 280 190 276 194
529: 276 194 274 196
530: 274 196 276 199
531: 276 199 280 201
532: 280 201 286 201
533: 286 201 295 201
534: 295 201 306 200
535: 306 200 320 197
536: 320 197 336 193
537: 336 193 355 187
538: 355 187 376 179
539: 376 179 400 169
540: 400 170 376 169
541: 376 169 355 166
542: 355 166 336 163
543: 336 163 320 158
544: 320 158 306 153
545: 306 153 294 147
546: 294 147 286 141
547: 286 141 280 135
548: 280 135 276 129
549: 276 129 274 125
550: 274 125 276 120
551: 276 120 280 118
552: 280 118 286 116
553: 286 116 295 117
554: 295 117 306 119
555: 306 119 320 123
556: 320 123 336 130
557: 336 130 355 140
558: 355 140 376 153
559: 376 153 400 170
560: 400 170 376 169
561: 376 169 355 167
562: 355 167 336 163
563: 336 163 320 159
564: 320 159 306 154
565: 306 154 294 149
566: 294 149 286 144
567: 286 144 280 138
568: 280 138 276 133
569: 276 133 274 129
570: 274 129 276 125
571: 276 125 280 123
572: 280 123 286 122
573: 286 122 295 122
574: 295 122 306 124
575: 306 124 320 128
576: 320 128 336 134
577: 336 134 355 143
578: 355 143 376 155
579: 376 155 400 170
580: 400 170 376 169
581: 376 169 355 167
582: 355 167 336 164
583: 336 164 320 160
584: 320 160 306 156
585: 306 156 294 151
586: 294 151 286 147
587: 286 147 280 142
588: 280 142 276 137
589: 276 137 274 134
590: 274 134 276 130
591: 276 130 280 128
592: 280 128 286 127
593: 286 127 295 127
594: 295 127 306 129
595: 306 129 320 133
596: 320 133 336 138
597: 336 138 355 146
598: 355 146 376 157
599: 376 157 400 170
600: 400 170 376 169
601: 376 169 355 167
602: 355 167 336 165
603: 336 165 320 161
604: 320 161 306 158
605: 306 158 294 154
606: 294 154 286 149
607: 286 149 280 145
608: 280 145 276 141
609: 276 141 274 138
610: 274 138 276 135
611: 276 135 280 133
612: 280 133 286 132
613: 286 132 295 132
614: 295 132 306 134
615: 306 134 320 137
616: 320 137 336 142
617: 336 142 355 149
618: 355 149 376 158
619: 376 158 400 170
620: 400 170 376 169
621: 376 169 355 168
622: 355 168 336 165
623: 336 165 320 163
624: 320 163 306 159
625: 306 159 294 156
626: 294 156 286 152
627: 286 152 280 149
628: 280 149 276 145
629: 276 145 274 142
630: 274 142 276 140
631: 276 140 280 138
632: 280 138 286 138
633: 286 138 295 138
634: 295 138 306 139
635: 306 139 320 142
636: 320 142 336 146
637: 336 146 355 152
638: 355 152 376 160
639: 376 160 400 170
