0
120 80 -40 80 80 -40 80 120 
0::120, 80
1::46, 63
2::40, 40
3::63, 46
4::80, 120

1
120 80 280 80 160 -40 160 120 
0::120, 80
1::193, 63
2::200, 40
3::176, 46
4::160, 120

2
120 160 -40 160 80 280 80 120 
0::120, 160
1::46, 176
2::40, 200
3::63, 193
4::80, 120

3
120 160 280 160 160 280 160 120 
0::120, 160
1::193, 176
2::200, 200
3::176, 193
4::160, 120

4
32 80 -48 104 8 104 8 160 
0::32, 80
1::-5, 94
2::-10, 108
3::0, 127
4::8, 160

5
40 80 -40 104 16 104 16 160 
0::40, 80
1::2, 94
2::-2, 108
3::8, 127
4::16, 160

6
48 80 -32 104 24 104 24 160 
0::48, 80
1::10, 94
2::6, 108
3::16, 127
4::24, 160

7
240 340 240 240 220 340 220 240 
0::240, 340
1::236, 296
2::230, 290
3::223, 283
4::220, 240

8
220 240 320 240 220 220 320 220 
0::220, 240
1::263, 236
2::270, 230
3::276, 223
4::320, 220

9
320 220 320 320 340 220 340 320 
0::320, 220
1::323, 263
2::330, 270
3::336, 276
4::340, 320

10
340 320 240 320 340 340 240 340 
0::340, 320
1::296, 323
2::290, 330
3::283, 336
4::240, 340

11
80 320 40 360 200 360 160 320 
0::80, 320
1::81, 342
2::120, 350
3::158, 342
4::160, 320

0: 120 80 46 63
1: 46 63 40 40
2: 40 40 63 46
3: 63 46 80 120
4: 120 80 193 63
5: 193 63 200 40
6: 200 40 176 46
7: 176 46 160 120
8: 120 160 46 176
9: 46 176 40 200
10: 40 200 63 193
11: 63 193 80 120
12: 120 160 193 176
13: 193 176 200 200
14: 200 200 176 193
15: 176 193 160 120
--------------------------
16: 32 80 -5 94
17: -5 94 -10 108
18: -10 108 0 127
19: 0 127 8 160
20: 40 80 2 94
21: 2 94 -2 108
22: -2 108 8 127
23: 8 127 16 160
24: 48 80 10 94
25: 10 94 6 108
26: 6 108 16 127
27: 16 127 24 160
--------------------------
28: 240 340 236 296
29: 236 296 230 290
30: 230 290 223 283
31: 223 283 220 240
32: 220 240 263 236
33: 263 236 270 230
34: 270 230 276 223
35: 276 223 320 220
36: 320 220 323 263
37: 323 263 330 270
38: 330 270 336 276
39: 336 276 340 320
40: 340 320 296 323
41: 296 323 290 330
42: 290 330 283 336
43: 283 336 240 340
44: 80 320 81 342
45: 81 342 120 350
46: 120 350 158 342
47: 158 342 160 320
