: 0
: 0.05
: 0.1
: 0.15
: 0.2
: 0.25
: 0.3
: 0.35
: 0.4
: 0.45
: 0.5
: 0.55
: 0.6
: 0.65
: 0.7
: 0.75
: 0.8
: 0.85
: 0.9
: 0.95
: 1
: 0
: 0.05
: 0.1
: 0.15
: 0.2
: 0.25
: 0.3
: 0.35
: 0.4
: 0.45
: 0.5
: 0.55
: 0.6
: 0.65
: 0.7
: 0.75
: 0.8
: 0.85
: 0.9
: 0.95
: 1
: 0
: 0.05
: 0.1
: 0.15
: 0.2
: 0.25
: 0.3
: 0.35
: 0.4
: 0.45
: 0.5
: 0.55
: 0.6
: 0.65
: 0.7
: 0.75
: 0.8
: 0.85
: 0.9
: 0.95
: 1
: 0
: 0.05
: 0.1
: 0.15
: 0.2
: 0.25
: 0.3
: 0.35
: 0.4
: 0.45
: 0.5
: 0.55
: 0.6
: 0.65
: 0.7
: 0.75
: 0.8
: 0.85
: 0.9
: 0.95
: 1
0
120 80 -40 80 80 -40 80 120 
0::120, 80
1::98, 79
2::80, 76
3::65, 73
4::54, 68
5::46, 63
6::40, 58
7::37, 53
8::36, 48
9::37, 43
10::39, 40
11::43, 37
12::48, 36
13::53, 37
14::58, 40
15::63, 46
16::68, 54
17::73, 65
18::76, 80
19::79, 98
20::80, 120

1
120 80 280 80 160 -40 160 120 
0::120, 80
1::141, 79
2::160, 76
3::174, 73
4::185, 68
5::193, 63
6::199, 58
7::202, 53
8::203, 48
9::202, 43
10::199, 40
11::196, 37
12::192, 36
13::186, 37
14::181, 40
15::176, 46
16::171, 54
17::166, 65
18::163, 80
19::160, 98
20::160, 120

2
120 160 -40 160 80 280 80 120 
0::120, 160
1::98, 160
2::80, 163
3::65, 166
4::54, 171
5::46, 176
6::40, 181
7::37, 186
8::36, 192
9::37, 196
10::39, 199
11::43, 202
12::48, 203
13::53, 202
14::58, 199
15::63, 193
16::68, 185
17::73, 174
18::76, 159
19::79, 141
20::80, 119

3
120 160 280 160 160 280 160 120 
0::120, 160
1::141, 160
2::160, 163
3::174, 166
4::185, 171
5::193, 176
6::199, 181
7::202, 186
8::203, 192
9::202, 196
10::199, 199
11::196, 202
12::192, 203
13::186, 202
14::181, 199
15::176, 193
16::171, 185
17::166, 174
18::163, 159
19::160, 141
20::160, 119

120 80 98 79
98 79 80 76
80 76 65 73
65 73 54 68
54 68 46 63
46 63 40 58
40 58 37 53
37 53 36 48
36 48 37 43
37 43 39 40
39 40 43 37
43 37 48 36
48 36 53 37
53 37 58 40
58 40 63 46
63 46 68 54
68 54 73 65
73 65 76 80
76 80 79 98
79 98 80 120
120 80 141 79
141 79 160 76
160 76 174 73
174 73 185 68
185 68 193 63
193 63 199 58
199 58 202 53
202 53 203 48
203 48 202 43
202 43 199 40
199 40 196 37
196 37 192 36
192 36 186 37
186 37 181 40
181 40 176 46
176 46 171 54
171 54 166 65
166 65 163 80
163 80 160 98
160 98 160 120
120 160 98 160
98 160 80 163
80 163 65 166
65 166 54 171
54 171 46 176
46 176 40 181
40 181 37 186
37 186 36 192
36 192 37 196
37 196 39 199
39 199 43 202
43 202 48 203
48 203 53 202
53 202 58 199
58 199 63 193
63 193 68 185
68 185 73 174
73 174 76 159
76 159 79 141
79 141 80 119
120 160 141 160
141 160 160 163
160 163 174 166
174 166 185 171
185 171 193 176
193 176 199 181
199 181 202 186
202 186 203 192
203 192 202 196
202 196 199 199
199 199 196 202
196 202 192 203
192 203 186 202
186 202 181 199
181 199 176 193
176 193 171 185
171 185 166 174
166 174 163 159
163 159 160 141
160 141 160 119
